{
 "cells": [
  {
   "cell_type": "code",
   "execution_count": 37,
   "metadata": {},
   "outputs": [
    {
     "name": "stdout",
     "output_type": "stream",
     "text": [
      "R_our:\n",
      " [[ 0.999911   -0.00694788 -0.0113474 ]\n",
      " [ 0.0070089   0.999961    0.00534628]\n",
      " [ 0.0113098  -0.00542534  0.999921  ]]\n",
      "eular_our: [-0.00542572 -0.01131005  0.00700941] \n",
      "\n",
      "R_gt_01:\n",
      " [[ 9.99898151e-01  1.95338785e-03 -1.41375871e-02]\n",
      " [-1.94520568e-03  9.99997933e-01  5.92480597e-04]\n",
      " [ 1.41387152e-02 -5.64919739e-04  9.99899884e-01]]\n",
      "eular_gt: [-0.00056498 -0.01413919 -0.0019454 ]\n"
     ]
    }
   ],
   "source": [
    "import sys\n",
    "ros_path = '/opt/ros/kinetic/lib/python2.7/dist-packages'\n",
    "if ros_path in sys.path:\n",
    "    sys.path.remove(ros_path)\n",
    "import cv2\n",
    "sys.path.append('/opt/ros/kinetic/lib/python2.7/dist-packages')\n",
    "import numpy as np\n",
    "import math\n",
    "import random\n",
    "\n",
    "def isRotationMatrix(R) :\n",
    "    Rt = np.transpose(R)\n",
    "    shouldBeIdentity = np.dot(Rt, R)\n",
    "    I = np.identity(3, dtype = R.dtype)\n",
    "    n = np.linalg.norm(I - shouldBeIdentity)\n",
    "    return n < 1e-5\n",
    "\n",
    "def rotationMatrixToEulerAngles(R) :\n",
    "\n",
    "    assert(isRotationMatrix(R))\n",
    "    \n",
    "    sy = math.sqrt(R[0,0] * R[0,0] +  R[1,0] * R[1,0])\n",
    "    \n",
    "    singular = sy < 1e-6\n",
    "\n",
    "    if  not singular :\n",
    "        x = math.atan2(R[2,1] , R[2,2])\n",
    "        y = math.atan2(-R[2,0], sy)\n",
    "        z = math.atan2(R[1,0], R[0,0])\n",
    "    else :\n",
    "        x = math.atan2(-R[1,2], R[1,1])\n",
    "        y = math.atan2(-R[2,0], sy)\n",
    "        z = 0\n",
    "\n",
    "    return np.array([x, y, z])\n",
    "\n",
    "def eulerAnglesToRotationMatrix(theta) :\n",
    "    \n",
    "    R_x = np.array([[1,         0,                  0                   ],\n",
    "                    [0,         math.cos(theta[0]), -math.sin(theta[0]) ],\n",
    "                    [0,         math.sin(theta[0]), math.cos(theta[0])  ]\n",
    "                    ])\n",
    "        \n",
    "        \n",
    "                    \n",
    "    R_y = np.array([[math.cos(theta[1]),    0,      math.sin(theta[1])  ],\n",
    "                    [0,                     1,      0                   ],\n",
    "                    [-math.sin(theta[1]),   0,      math.cos(theta[1])  ]\n",
    "                    ])\n",
    "                \n",
    "    R_z = np.array([[math.cos(theta[2]),    -math.sin(theta[2]),    0],\n",
    "                    [math.sin(theta[2]),    math.cos(theta[2]),     0],\n",
    "                    [0,                     0,                      1]\n",
    "                    ])\n",
    "                    \n",
    "                    \n",
    "    R = np.dot(R_z, np.dot( R_y, R_x ))\n",
    "\n",
    "    return R\n",
    "\n",
    "\n",
    "if __name__ == '__main__' :\n",
    "\n",
    "#     e = np.random.rand(3) * math.pi * 2 - math.pi\n",
    "    \n",
    "#     R = eulerAnglesToRotationMatrix(e)\n",
    "#     e1 = rotationMatrixToEulerAngles(R)\n",
    "\n",
    "#     R1 = eulerAnglesToRotationMatrix(e1)\n",
    "#     print (\"\\nInput Euler angles :\\n{0}\".format(e))\n",
    "#     print (\"\\nR :\\n{0}\".format(R))\n",
    "#     print (\"\\nOutput Euler angles :\\n{0}\".format(e1))\n",
    "#     print (\"\\nR1 :\\n{0}\".format(R1))\n",
    "    R_our = np.array([ [0.999911 ,-0.00694788 , -0.0113474 ,  0.0141441],\n",
    "                   [0.0070089 ,   0.999961 , 0.00534628, -0.00266324],\n",
    "                   [0.0113098 ,-0.00542534   , 0.999921 ,-0.00464766],\n",
    "                   [0          , 0 ,          0       ,    1]])\n",
    "    R_our = R_our[:3,:3]\n",
    "    print('R_our:\\n', R_our)\n",
    "#     print('R_our is SO3:', isRotationMatrix(R_our))\n",
    "    eular_our = rotationMatrixToEulerAngles(R_our)\n",
    "    print('eular_our:',eular_our,'\\n')\n",
    "    \n",
    "    \n",
    "    R_gt_0 = np.array([0.0148655429818, -0.999880929698, 0.00414029679422, -0.0216401454975,\n",
    "                       0.999557249008, 0.0149672133247, 0.025715529948, -0.064676986768,\n",
    "                      -0.0257744366974, 0.00375618835797, 0.999660727178, 0.00981073058949,\n",
    "                       0.0, 0.0, 0.0, 1.0])\n",
    "    R_gt_1 = np.array([0.0125552670891, -0.999755099723, 0.0182237714554, -0.0198435579556,\n",
    "                       0.999598781151, 0.0130119051815, 0.0251588363115, 0.0453689425024,\n",
    "                      -0.0253898008918, 0.0179005838253, 0.999517347078, 0.00786212447038,\n",
    "                       0.0, 0.0, 0.0, 1.0])\n",
    "    \n",
    "    R_gt_0 = R_gt_0.reshape((4,4))[:3,:3]\n",
    "    R_gt_1 = R_gt_1.reshape((4,4))[:3,:3]\n",
    "#     R_gt_01 = R_gt_1 @ np.linalg.inv(R_gt_0)\n",
    "    R_gt_01 = R_gt_0 @ np.linalg.inv(R_gt_1)\n",
    "    eular_gt = rotationMatrixToEulerAngles(R_gt_01)\n",
    "    print('R_gt_01:\\n', R_gt_01)\n",
    "    print('eular_gt:', eular_gt)"
   ]
  }
 ],
 "metadata": {
  "kernelspec": {
   "display_name": "Python 3",
   "language": "python",
   "name": "python3"
  },
  "language_info": {
   "codemirror_mode": {
    "name": "ipython",
    "version": 3
   },
   "file_extension": ".py",
   "mimetype": "text/x-python",
   "name": "python",
   "nbconvert_exporter": "python",
   "pygments_lexer": "ipython3",
   "version": "3.7.6"
  }
 },
 "nbformat": 4,
 "nbformat_minor": 4
}
